602 4
the -0.8606299 0.7952818 -0.4526601 -1.2683814
. -0.6300285 0.19055803 -0.22390234 -0.58023006
, -0.45816213 0.44164902 -0.34415668 -0.58589566
to -0.9752386 0.6622775 -0.5576707 -1.0045557
of -0.5244712 0.5845362 -0.45333445 -1.0657523
and -0.8644715 0.82400596 -0.5834668 -1.3280822
in -0.68109244 0.7635929 -0.53544086 -1.3043064
a -0.5183487 0.31897256 -0.30144432 -0.6020358
' -0.27511102 0.46628743 -0.12653694 -0.56903666
that -0.77920914 0.7590891 -0.40656355 -1.1007291
- -0.48666167 0.44665968 -0.274643 -0.6186453
with -0.8271646 0.7633334 -0.4801072 -1.2691346
or -0.791124 0.45313933 -0.50359267 -0.9213425
for -0.9071563 0.74619013 -0.5921015 -1.444631
at -0.73390585 0.55862266 -0.41213658 -1.161811
as -0.730208 0.657618 -0.3914353 -1.1039767
by -0.64429444 0.62709546 -0.17217143 -0.90755093
has -0.628235 0.7539465 -0.45451507 -1.169063
neuman -0.7040964 0.71106964 -0.33917663 -1.1089355
from -0.7793718 0.6087053 -0.46616 -1.1593623
but -0.5754095 0.5905744 -0.3623102 -1.0665301
messi -0.71117383 0.57559085 -0.34982798 -0.9609465
his -0.74040526 0.76916707 -0.45094708 -1.0598061
is -0.60978884 0.61021787 -0.25620306 -1.140979
said -0.6566568 0.68974406 -0.45324746 -1.0936227
on -0.96464884 0.786529 -0.43566915 -1.1195633
had -0.64653254 0.7468777 -0.455085 -1.1032064
he -0.6981548 0.5112011 -0.19477452 -0.94778293
's -0.48834753 0.64703137 -0.3377902 -0.91825575
an -1.0547755 1.0184157 -0.50881505 -1.5154493
was -0.62279016 0.6492823 -0.412419 -1.0463458
all -0.7743642 0.6550288 -0.54318243 -1.4087498
after -0.98512524 0.87106425 -0.5116671 -1.2845153
be -0.87305695 0.61324275 -0.3015716 -1.001638
are -0.83172596 0.6070458 -0.4746819 -1.1790025
our -0.82570463 0.6335627 -0.46873784 -1.1008875
it -0.63197297 0.48544526 -0.2947596 -0.7916786
asbestos -0.5548631 0.50839466 -0.33108392 -0.80391806
been -0.82055134 0.60793674 -0.32997948 -1.0243564
’ -0.3597948 0.34882087 -0.19127141 -0.6370887
against -0.6908239 0.6068289 -0.38094512 -1.0030205
egan -0.7354882 0.6438927 -0.39882863 -1.120606
their -0.719444 0.7123051 -0.47809792 -1.0068994
will -0.71313334 0.6663168 -0.41670066 -1.1819768
not -0.61852485 0.61790925 -0.40221617 -1.0470876
we -0.6784266 0.5247312 -0.43380743 -0.9866639
into -0.90078145 0.7069291 -0.45392224 -1.1066053
says -0.6507362 0.56324536 -0.42184412 -0.96368164
country -0.82753414 0.6789941 -0.44413155 -1.0571966
foreign -0.6555854 0.59199107 -0.41557005 -1.0588129
office -0.73207474 0.6321956 -0.38144356 -1.097843
‘ -0.5613572 0.3159995 -0.15424477 -0.5764627
they -0.75354093 0.6901211 -0.42198613 -1.1474255
now -0.59892267 0.6061097 -0.3953288 -0.943158
british -0.75475675 0.6463666 -0.41166934 -1.1298946
have -0.916229 0.7455721 -0.4285157 -1.2292395
obama -0.6975652 0.560288 -0.23079892 -0.9546298
bush -0.61285716 0.63292974 -0.25142425 -1.0335441
barca -0.6808107 0.67222285 -0.42978555 -1.1668212
state -0.90169376 0.7245185 -0.5226293 -1.2841467
more -0.77454257 0.70648444 -0.4092619 -1.1198977
year -0.7232494 0.7144058 -0.48809993 -1.0273248
president -0.8227017 0.73766434 -0.38541552 -1.2412512
kind -0.6634209 0.51772106 -0.46388084 -0.8869477
( -0.48698717 0.41492048 -0.23706514 -0.4731289
) -0.45042044 0.40342593 -0.07599999 -0.56717646
travel -0.7829419 0.62411606 -0.48500773 -1.1301845
syria -0.68302715 0.45065087 -0.36864465 -0.952498
environment -0.6055846 0.5476496 -0.33485997 -0.92561096
team -0.66937894 0.5349383 -0.42378816 -0.9082298
hat -0.8334044 0.78766555 -0.4261797 -1.1281818
trick -0.7610466 0.5410219 -0.4113123 -1.0728117
herman -0.7872932 0.6848709 -0.3916226 -1.0861374
job -0.5513133 0.517558 -0.22497474 -0.7801428
made -0.74957186 0.5605887 -0.36598337 -1.0656173
going -0.8795443 0.75322634 -0.4947653 -1.3559567
this -0.6805675 0.6484305 -0.31127638 -0.98032373
first -0.6784258 0.6618531 -0.3451053 -0.9951104
club -0.6375444 0.5121357 -0.32584867 -0.84819466
islamic -0.6660608 0.62203044 -0.39233232 -1.0178155
men -0.8296626 0.75620943 -0.45959827 -1.2813891
them -0.6819988 0.62027264 -0.43003446 -1.0012071
up -0.48180112 0.50954145 -0.25278845 -0.91302586
10 -0.61411494 0.44168591 -0.1445304 -0.81797147
mr -0.45539576 0.46870106 -0.2169452 -0.65029275
very -0.72379225 0.572534 -0.43503964 -1.0223546
there -0.9316062 0.77733684 -0.50050175 -1.3133931
him -0.47947264 0.60788447 -0.39886528 -0.8352289
border -0.8426417 0.61113054 -0.46503043 -1.1719851
who -0.7811006 0.65954274 -0.41149077 -1.1260532
argentina -0.63036025 0.60765374 -0.37339675 -0.9894913
popular -0.6169701 0.6375219 -0.43519536 -0.9773994
over -0.8704806 0.7752209 -0.58447677 -1.2694955
saturday -0.7673438 0.6352589 -0.39331624 -1.0209632
place -0.6443712 0.5143245 -0.37082836 -0.921838
pictured -0.7548596 0.65185356 -0.38842365 -1.0611633
do -0.60695446 0.49627373 -0.3617708 -0.9879998
kirner -0.6632754 0.54370874 -0.31843537 -0.816784
than -0.7396427 0.7033342 -0.4375478 -1.0706722
beach -0.4748233 0.41417053 -0.22253904 -0.6342332
political -0.60414636 0.5696509 -0.39898774 -0.95578986
since -0.6806397 0.7157224 -0.4105714 -0.95826375
about -0.53531057 0.48209485 -0.2381447 -0.8249926
which -0.6349929 0.5300465 -0.36969206 -0.8878376
then -0.7361732 0.7327228 -0.48044655 -1.1686002
threat -0.7510769 0.68325603 -0.4754764 -1.1291807
terrorism -0.74813503 0.6292507 -0.38972625 -0.9476374
high -0.53829885 0.57568204 -0.3126999 -0.80583996
across -0.5983115 0.47401112 -0.27571702 -0.7718397
turkey -0.61925745 0.48758778 -0.3273963 -0.9232261
advising -0.7151994 0.5929624 -0.4439362 -1.1098849
borders -0.74145854 0.58326834 -0.41039985 -1.0671524
protection -0.7179844 0.66633904 -0.41031915 -1.0231733
authority -0.49059376 0.46481428 -0.30375668 -0.75357497
emergency -0.6205292 0.52818686 -0.35832638 -0.92350084
response -0.71311104 0.62000686 -0.39920086 -1.0360171
site -0.7169408 0.59938794 -0.3602619 -0.99374276
take -0.65724915 0.5104483 -0.3237605 -0.84814477
samples -0.5889453 0.4463994 -0.29798147 -0.8204284
match -0.6061274 0.5344149 -0.36744002 -0.9550089
if -0.4616592 0.3907924 -0.18303762 -0.5383885
sunday -0.52517366 0.45564145 -0.29406372 -0.782917
lawyer -0.7465816 0.6473914 -0.38743052 -1.0420986
jeff -0.5641746 0.46756247 -0.33034837 -0.70598733
case -0.61421645 0.5062422 -0.24087223 -0.89419806
june -0.43439654 0.41431734 -0.23866001 -0.7324461
both -0.6023349 0.5701859 -0.33948207 -0.9318084
reputation -0.73739874 0.6727541 -0.41055903 -1.084873
while -0.67693084 0.50495934 -0.33258957 -0.89726216
view -0.47408006 0.37627345 -0.2872185 -0.71828884
terrorist -0.855684 0.75116926 -0.4606563 -1.1238159
holidaymakers -0.6490753 0.51929504 -0.31882495 -0.9474999
safe -0.6681347 0.6495484 -0.3669686 -1.0873052
destinations -0.7374368 0.65363926 -0.3816175 -1.0532265
former -0.77538574 0.6982216 -0.44866633 -1.1049341
here -0.8044644 0.62405986 -0.365524 -1.2355853
2013 -0.5165095 0.4951773 -0.3349957 -0.7895184
bombing -0.82767296 0.6384271 -0.45632038 -1.2578194
ve -0.7367993 0.7448158 -0.5142824 -1.0722257
bigger -0.6727153 0.6065413 -0.37772113 -0.9122955
largest -0.6910461 0.6279708 -0.32674935 -0.962109
usa -0.5336811 0.34130737 -0.33053812 -0.68708843
today -0.68075633 0.502514 -0.3425388 -0.90207237
braida -0.5456999 0.4474801 -0.31364223 -0.7896545
nou -0.4938067 0.4641294 -0.28102157 -0.80508894
camp -0.60027134 0.58637804 -0.35344383 -0.8796111
some -0.6376365 0.44066954 -0.3227831 -0.8958426
may -0.7971838 0.7104246 -0.38291717 -1.0989039
near -0.73575264 0.70027053 -0.41681242 -1.0259577
people -0.5308223 0.47636816 -0.29015425 -0.783312
speculation -0.7718353 0.66797006 -0.4378476 -1.1092191
other -0.84707963 0.7565653 -0.46557653 -1.1732699
sexual -0.6094752 0.5975925 -0.39599505 -0.96821845
earlier -0.7049319 0.5796313 -0.4206992 -1.0087991
leave -0.76822 0.68611676 -0.4629341 -1.118475
football -0.5608399 0.46067291 -0.34121445 -0.83544266
things -0.80167955 0.7121415 -0.3980666 -1.1594551
i -0.36897963 0.2915802 -0.24946335 -0.51276493
years -0.6975814 0.6218248 -0.34059075 -0.93092567
no -0.47814333 0.47826743 -0.23440906 -0.90751666
last -0.6378872 0.59817374 -0.39701575 -0.9089188
attack -0.56977797 0.44184965 -0.34286872 -0.8474342
statement -0.6617083 0.5858549 -0.3911559 -1.0284294
did -0.6412922 0.59348404 -0.31820795 -0.96093
new -0.61709976 0.5632937 -0.30978188 -0.97717184
bill -0.66288143 0.54680294 -0.43523824 -1.0208071
so -0.580091 0.42878354 -0.3729105 -0.94703466
international -0.78306895 0.6797293 -0.3949254 -1.0638173
spot -0.59961563 0.65799284 -0.34623697 -0.9500652
barcelona -0.62979114 0.52845496 -0.3426181 -0.8910615
these -0.73543686 0.6864704 -0.4418406 -1.053944
still -0.68809956 0.6049837 -0.37290135 -0.9663099
scoring -0.89590496 0.6973241 -0.50576264 -1.2570893
goals -0.60081583 0.5132599 -0.31387547 -0.9335886
league -0.59510684 0.54176044 -0.38092062 -0.89806086
syrian -0.74978507 0.5026794 -0.41100356 -0.97102606
turkish -0.6814476 0.56839263 -0.40667266 -1.0611618
laura -0.552091 0.63621026 -0.2351027 -0.8510056
michelle -0.6745033 0.60912734 -0.34217355 -0.9758401
spain -0.6417245 0.57175964 -0.35673967 -1.0827662
just -0.7354633 0.61989504 -0.33243147 -0.99079967
wife -0.60275036 0.5964919 -0.31415102 -0.8672858
dumped -0.521767 0.47985062 -0.31268153 -0.78474617
make -0.66665196 0.5102449 -0.3317268 -0.98356
smearing -0.70495415 0.57201225 -0.36361942 -0.9795048
suing -0.95143574 0.7830254 -0.56349146 -1.2974802
purpose -0.52104795 0.48683813 -0.25064132 -0.71260834
work -0.49590617 0.4707078 -0.2295139 -0.68961376
part -0.6892607 0.7258781 -0.4248492 -1.0328851
difficult -0.5811746 0.45077425 -0.2741424 -0.7999092
event -0.83248895 0.7009924 -0.41470623 -1.1215912
reports -0.53435284 0.46713287 -0.2613399 -0.73011017
come -0.87192446 0.74048674 -0.42323768 -1.3306413
participate -0.5607424 0.507754 -0.38506284 -0.87822735
goal -0.73571473 0.6155322 -0.38269702 -0.99091357
outcome -0.46560487 0.45731005 -0.2800401 -0.75230116
filled -0.6269498 0.66664404 -0.35892326 -1.0060184
cfmeu -0.22883491 0.14323813 -0.15039165 -0.25762233
secretary -0.46742663 0.3973619 -0.25826612 -0.74854994
dave -0.58193123 0.54002184 -0.33672467 -0.9213377
found -0.53234667 0.4610482 -0.29640636 -0.77317137
tonne -0.50786936 0.45473436 -0.29906747 -0.7263924
abruptly -0.38372532 0.29670307 -0.19706395 -0.5425565
cause -0.49617657 0.39797908 -0.27715623 -0.7272099
turmoil -0.4251994 0.39694607 -0.18081951 -0.5911361
overthrow -0.41372794 0.33881927 -0.24184684 -0.593949
hosni -0.35737297 0.30877954 -0.22006576 -0.5761785
mubarak -0.33690962 0.29555497 -0.21600744 -0.5240975
2011 -0.31953982 0.18521045 -0.23815656 -0.47568858
clash -0.5179787 0.46673203 -0.30653527 -0.7273627
consequence -0.552876 0.42187303 -0.31666195 -0.78352356
speedy -0.36395782 0.31981817 -0.24563493 -0.61366194
introduction -0.6113512 0.5519817 -0.32589534 -0.8410152
voter -0.6990636 0.6386538 -0.3710024 -0.94503456
rights -0.49757838 0.5034478 -0.35301048 -0.6852513
act -0.68184966 0.5655207 -0.31318066 -0.8938979
signed -0.5714521 0.6278526 -0.36327612 -0.79098123
law -0.5623468 0.52124864 -0.3366034 -0.88825035
august -0.41152057 0.3606081 -0.20415999 -0.7103225
lyndon -0.38627565 0.33225054 -0.2283783 -0.5903201
b. -0.2645398 0.1497916 -0.12424949 -0.3099136
johnson -0.323129 0.2887763 -0.14394242 -0.4369587
assigns -0.46116355 0.44012564 -0.32284373 -0.7201078
class -0.5644089 0.54245853 -0.35392755 -0.8182023
same -0.5852404 0.47879747 -0.3103325 -0.73498976
france -0.6067151 0.55505615 -0.32887807 -0.8364563
following -0.6558657 0.49834 -0.3398823 -0.9218829
charlie -0.5844986 0.4288991 -0.28086892 -0.7898095
hebdo -0.39530915 0.34621856 -0.2782756 -0.5971916
shootings -0.623698 0.5225806 -0.32185313 -0.8647433
classifies -0.50566894 0.48938397 -0.29340824 -0.6830506
transported -0.58242023 0.5060852 -0.33985922 -0.87845385
commercially -0.6096499 0.58748156 -0.3618746 -0.92781323
sent -1.0603191 0.884977 -0.52894694 -1.4724673
leaves -0.63175565 0.6020421 -0.42044273 -0.9733438
field -0.36593974 0.3533471 -0.23326573 -0.5263079
ball -0.6573074 0.62918526 -0.41822574 -1.1308436
web -0.50620455 0.3617657 -0.28483126 -0.5925363
weaving -0.748249 0.6361213 -0.41157457 -1.0882053
12 -0.18342723 0.33316317 -0.19878337 -0.45424002
minute -0.44066772 0.35404798 -0.2615107 -0.6130096
held -0.5284013 0.4531535 -0.29735807 -0.7823854
news -0.33990222 0.40089548 -0.30819902 -0.68303436
conference -0.6453108 0.57340795 -0.3803701 -0.92018735
graphic -0.4375694 0.37867707 -0.32547876 -0.6095471
claims -0.4800098 0.45102686 -0.32656503 -0.77326155
quickly -0.48892763 0.4519758 -0.2647627 -0.6713676
fell -0.51635116 0.446543 -0.2895482 -0.88789564
apart -0.57431847 0.4862135 -0.30327177 -0.81288445
like -0.27678517 0.29661283 -0.20840615 -0.49135157
withdraw -0.4141918 0.3678014 -0.19427513 -0.6080227
allegations -0.693652 0.635984 -0.39178616 -1.0343826
legal -0.5730744 0.49477866 -0.3474421 -0.8372128
proceedings -0.6105373 0.52113146 -0.30011183 -0.8517272
her -1.3421401 1.1350123 -0.717916 -1.9429
above -0.49185666 0.420462 -0.24675918 -0.77686304
spokeswoman -0.42437255 0.37967843 -0.27597716 -0.6091324
watchdog -0.39282873 0.34916195 -0.15502541 -0.55682886
abta -0.41870105 0.29316017 -0.18333155 -0.6608261
tourists -0.53505665 0.46390805 -0.28589943 -0.7166892
tend -0.72789305 0.61549735 -0.4205458 -0.9166105
quite -0.57630515 0.5174163 -0.31268844 -0.7929014
resilient -0.6906301 0.5394478 -0.33823916 -0.93738246
level -0.5258045 0.39190665 -0.27772066 -0.77866876
headed -0.5688468 0.47362489 -0.34804454 -0.87384397
threats -0.71072394 0.6402197 -0.4143895 -1.0069652
should -0.47716522 0.47272277 -0.30465144 -0.7310998
consult -0.6003104 0.5312363 -0.31672612 -0.8470683
before -0.5493875 0.5035074 -0.35486147 -0.85378927
travelling -0.85174304 0.6698001 -0.46795228 -1.2049675
finding -0.8157619 0.7083929 -0.46734828 -1.183535
preaching -0.7195047 0.6409491 -0.4174764 -1.0357975
acting -0.9755228 0.84920835 -0.48293436 -1.3567177
judge -0.39802086 0.452237 -0.29157645 -0.62627244
how -0.4941905 0.47441894 -0.16125467 -0.8053624
traditional -0.6457133 0.5720677 -0.3431419 -0.959736
travellers -0.7537881 0.65433735 -0.41401553 -1.118188
? -0.117727675 0.25459573 -0.24513593 -0.24113834
barack -0.5163238 0.44208768 -0.28747264 -0.7452195
right -0.5148228 0.506415 -0.34557664 -0.7187974
george -0.44829026 0.42228833 -0.23434734 -0.71164453
w. -0.4064274 0.28036642 -0.114847094 -0.5347075
arriving -0.6251778 0.5731219 -0.3710976 -0.9697331
wreath -0.527513 0.4469616 -0.27203202 -0.7699806
laying -0.80953366 0.7134175 -0.43474588 -1.1467912
ceremony -0.4422354 0.34296346 -0.21779384 -0.5170713
victims -0.39184982 0.4115382 -0.23476388 -0.6568751
1998 -0.3017431 0.3581785 -0.17140682 -0.49348277
us -0.43307725 0.3167298 -0.3435743 -0.53699553
embassy -0.36956012 0.37159285 -0.2464048 -0.57381177
memorial -0.5294862 0.46535698 -0.3131252 -0.7965964
dar -0.6677948 0.5228331 -0.35262153 -0.88488436
es -0.97839797 0.6701859 -0.5757041 -1.428678
salaam -0.4537105 0.34227866 -0.1620843 -0.5774045
tanzania -0.26006973 0.24700257 -0.14498322 -0.33920503
probably -0.587418 0.49116102 -0.3029916 -0.8598526
commercial -0.6304945 0.5778893 -0.34124568 -0.92613983
contract -0.5827763 0.5899322 -0.29849792 -0.87392354
gone -0.47967586 0.44674748 -0.32189474 -0.7583864
profit -0.5314979 0.4632344 -0.31786898 -0.72463053
23 -0.18660906 0.20143956 -0.029114617 -0.2674546
republicans -0.49602196 0.4321136 -0.28304303 -0.6725052
group -0.49011078 0.43081364 -0.26191399 -0.8705273
lawmakers -0.6543826 0.5276505 -0.3192159 -0.9220409
party -0.6265789 0.6299125 -0.35689762 -1.0188777
attend -0.50432974 0.458679 -0.3352731 -0.76300555
pilgrimage -0.39672312 0.3421165 -0.25700045 -0.5882127
according -0.7269111 0.57099074 -0.34670082 -0.9304132
speaking -0.6484561 0.53447443 -0.3786148 -0.94775283
catalan -0.39976788 0.43073454 -0.27627888 -0.6913813
tv -0.37482247 0.23567046 -0.09549995 -0.52069914
channel -0.4822481 0.4412917 -0.27575374 -0.70745885
esport -0.48296967 0.46188942 -0.27891245 -0.72158223
3 -0.30290896 0.23506781 -0.16094069 -0.4346285
everything -0.6743655 0.5526331 -0.3350274 -0.9279467
can -0.8762856 0.7307512 -0.45857337 -1.2623272
keep -0.36648205 0.3094339 -0.12282384 -0.53739876
accept -0.33711332 0.39668757 -0.15753937 -0.59504515
able -0.66953284 0.45536944 -0.27755678 -0.9111101
potential -0.56770456 0.5066622 -0.31638396 -0.84860885
offer -0.68053716 0.608093 -0.36706388 -0.99429905
spending -0.7777614 0.72147405 -0.4516514 -1.110782
easter -0.6189478 0.5512023 -0.33774555 -0.8449202
holidays -0.58135426 0.44356102 -0.33028305 -0.786351
many -0.62436396 0.5147432 -0.2877788 -0.87529796
must -0.67324567 0.6023993 -0.40420017 -0.9360132
doubt -0.53281677 0.53321207 -0.32020733 -0.80588055
doubtful -0.47699088 0.37628767 -0.25253537 -0.68509483
whether -0.70225257 0.551587 -0.40223897 -0.9902765
once -0.65201145 0.65683746 -0.41825727 -0.88104266
apparently -0.51565987 0.4505232 -0.29754892 -0.7702724
infected -0.57497597 0.43600708 -0.33785626 -0.87781215
barbaric -0.5262573 0.46588862 -0.2909175 -0.80654794
ideology -0.16716576 0.17987242 -0.12172905 -0.31298164
pair -0.36406672 0.35811844 -0.19783999 -0.5207587
planned -0.55946934 0.47894478 -0.34449315 -0.8078319
target -0.5092192 0.47375554 -0.3025149 -0.780189
gay -0.56507987 0.48571983 -0.35975647 -0.77201444
entertainment -0.5692252 0.56169695 -0.32733616 -0.8542373
industry -0.4592977 0.45038489 -0.28322688 -0.71139944
intimidate -0.56175333 0.51331186 -0.3593968 -0.82671094
get -0.41401958 0.44440848 -0.2698161 -0.62512004
fraudulent -0.5187307 0.45835292 -0.28563133 -0.7146715
settlements -0.5066146 0.42157462 -0.28224832 -0.7435526
threatening -0.77453244 0.6553506 -0.4849823 -1.1254005
ruin -0.44493854 0.33506164 -0.28252947 -0.660627
lives -0.57690865 0.6200624 -0.40577468 -0.9095501
forever -0.71634185 0.6373365 -0.44181064 -1.1046212
false -0.42649892 0.45280752 -0.24708769 -0.638642
accusations -0.65992177 0.60768455 -0.35653514 -0.95315236
abuse -0.39650637 0.35607585 -0.21149299 -0.55582786
took -0.48855293 0.4641434 -0.2861851 -0.6793568
happy -0.511978 0.3638139 -0.30124563 -0.66890806
quashed -0.5284276 0.50370955 -0.29444224 -0.77723426
would -0.45632765 0.45901746 -0.31582376 -0.71571696
summer -0.6032033 0.45903295 -0.3075496 -0.7570202
wrap -0.22304316 0.19536482 -0.16394007 -0.31005982
being -0.8689502 0.87806135 -0.5321735 -1.2814479
appear -0.67597646 0.5504441 -0.40267333 -0.94944745
impossible -0.52432096 0.41586375 -0.2100089 -0.72940034
hope -0.42487323 0.44793308 -0.17122592 -0.5205683
remain -0.5005337 0.34952605 -0.18151534 -0.62823457
happen -0.6242707 0.5213163 -0.2888567 -0.837434
off -0.638323 0.48233217 -0.27038905 -0.85049045
really -0.7138464 0.71890295 -0.39660507 -1.1503063
big -0.5280836 0.49875608 -0.34939423 -0.75285447
truck -0.54603845 0.44778734 -0.26006225 -0.7588495
skip -0.35842812 0.32718733 -0.20201422 -0.5356811
... -0.26217863 0.25309286 -0.15256476 -0.58077997
together -0.6825507 0.51988834 -0.36083338 -0.8787205
properly -0.42806414 0.42654017 -0.19070712 -0.64638263
declaration -0.65902483 0.5908394 -0.39103812 -0.90118176
plaintiff -0.48888454 0.3920999 -0.24104452 -0.67934334
inexplicably -0.50876135 0.4347173 -0.24889614 -0.70654094
chosen -0.5038492 0.49034435 -0.2506547 -0.69057184
suddenly -0.47106645 0.3888738 -0.20806493 -0.61740875
claim -0.5618467 0.4472089 -0.33924845 -0.80894554
engaged -0.4883614 0.42552584 -0.2668272 -0.79220915
conduct -0.58870524 0.50535196 -0.24186051 -0.88315094
swore -0.517528 0.42832804 -0.3025881 -0.6754835
lawyers -0.6742218 0.58696175 -0.32621342 -0.9565849
wednesday -0.40046906 0.33875436 -0.24142568 -0.53711945
’s -0.35524094 0.22002724 -0.19887069 -0.4455049
issued -0.52417743 0.40462464 -0.287813 -0.7548727
advice -0.5231203 0.43610787 -0.33048445 -0.7543855
go -0.5642508 0.4173053 -0.3121691 -0.7565845
area -0.5710624 0.44913137 -0.3442485 -0.78276503
surrounding -0.6490275 0.54442835 -0.39068636 -0.90672636
museum -0.36217117 0.39069808 -0.20291735 -0.54566145
until -0.4343583 0.39792106 -0.27675983 -0.6621137
further -0.61071706 0.55500925 -0.30447105 -0.83431387
notice -0.5692216 0.4725104 -0.32781944 -0.84515923
marches -0.50893426 0.45322177 -0.3253301 -0.7639199
struggles -0.46338615 0.3506378 -0.28925928 -0.67271614
fight -0.41476306 0.42040926 -0.25245726 -0.6926266
done -0.53170466 0.4958005 -0.34085432 -0.8539969
next -0.3962062 0.3544122 -0.19259618 -0.6047108
generation -0.7121211 0.690482 -0.40790626 -1.039066
picking -0.83564633 0.574562 -0.35446474 -1.1021225
torch -0.5094873 0.44066045 -0.2498062 -0.689036
well -0.63708496 0.47789022 -0.37469664 -0.9504345
collapsed -0.5776866 0.5272766 -0.2860248 -0.88745517
revealed -0.518456 0.5228497 -0.27367854 -0.7919114
under -0.57909715 0.61483544 -0.3750923 -0.9655496
oath -0.54850364 0.39324805 -0.26034456 -0.77219427
2003 -0.33681658 0.37263328 -0.25329396 -0.5021948
hawaii -0.37909612 0.398549 -0.27352858 -0.60470086
n't -0.35101086 0.34293047 -0.18503128 -0.6045952
sexually -0.656687 0.576075 -0.40033874 -0.951128
assault -0.45102128 0.38437515 -0.2328596 -0.6320693
any -0.51090086 0.32912108 -0.27929047 -0.62386477
behavior -0.3646559 0.35368633 -0.24478629 -0.56551987
also -0.32931587 0.31842276 -0.22328454 -0.57614577
x -0.35751608 0.19896525 0.123049065 -0.45369184
director -0.47470438 0.41907537 -0.20525745 -0.62820804
bryan -0.53887 0.5514553 -0.24897586 -0.8202135
singer -0.77665335 0.7504908 -0.49057147 -1.1679603
theater -0.87404186 0.81598586 -0.45172444 -1.2715608
producer -0.5958477 0.5534318 -0.29085767 -0.8969798
gary -0.58321196 0.5269647 -0.28634542 -0.83725446
wayne -0.49477193 0.4283372 -0.2850147 -0.71896243
goddard -0.47299132 0.46157 -0.31986555 -0.70872
television -0.5485387 0.47804096 -0.3685158 -0.8051976
executive -0.49948347 0.43029317 -0.26635632 -0.71337485
garth -0.53580827 0.41059482 -0.29186055 -0.79611295
ancier -0.5185515 0.4427155 -0.31225416 -0.7657159
car -0.6695342 0.5924607 -0.30963746 -0.8448201
bomb -0.52217245 0.29236588 -0.28272876 -0.7516022
petrol -0.35266644 0.35236597 -0.18304144 -0.5544073
station -1.0506468 0.94297427 -0.6095326 -1.4838278
crossing -0.7857159 0.652618 -0.4383323 -1.1081126
dozens -0.42208365 0.3162825 -0.17866947 -0.5905752
jersey -0.41261554 0.42421964 -0.22734456 -0.71004725
sen -0.8571132 0.793549 -0.4379804 -1.3560077
cory -0.69072145 0.5865357 -0.38306105 -1.0014578
booker -0.5878392 0.5058957 -0.3215053 -0.98852336
lead -0.5460387 0.58263755 -0.3916255 -0.9532435
sponsor -0.56842685 0.51852953 -0.3516583 -0.8471445
senate -0.6450456 0.52185374 -0.32033178 -0.8958442
friday -0.53450394 0.5454901 -0.34247485 -0.81539696
passage -0.5115109 0.46488452 -0.261787 -0.70631665
upper -0.64886534 0.56169045 -0.3073795 -0.9108665
chamber -0.6478955 0.48450842 -0.31009597 -0.82981384
award -0.42904183 0.39364755 -0.26957086 -0.59271556
small -0.45490614 0.4489564 -0.32855907 -0.749498
token -0.51824117 0.5189566 -0.27366173 -0.7626987
collective -0.6257049 0.5721191 -0.34871945 -0.90735537
national -0.91166306 0.8117339 -0.49224642 -1.231872
gratitude -0.40928686 0.38787663 -0.25527942 -0.6243027
courageous -0.48115617 0.40607995 -0.2787938 -0.69650745
women -0.5653317 0.5173528 -0.2662528 -0.80065936
much -0.45142156 0.44475695 -0.23129907 -0.60287803
move -0.59951407 0.5126984 -0.3183516 -0.7781856
forward -0.4374222 0.40916386 -0.24505383 -0.60783374
afternoon -0.51923496 0.47247106 -0.26460055 -0.66655004
penalty -0.37529355 0.33860564 -0.21788825 -0.62191993
quad -0.5099095 0.414423 -0.2528208 -0.74242824
bikers -0.689411 0.5606843 -0.3144782 -1.0224804
facebook -0.40604645 0.31458414 -0.2183875 -0.5864151
page -0.6174616 0.5431032 -0.3553883 -0.814406
recent -0.63731563 0.5641096 -0.34919828 -0.9184988
months -0.33454883 0.33916438 -0.17357852 -0.5123301
emerged -0.7199023 0.640472 -0.3698564 -1.1084645
youngsters -0.55728614 0.5311067 -0.31034783 -0.8947134
infatuated -0.55321676 0.4943261 -0.29993233 -0.8321067
flown -0.41360945 0.3649806 -0.21029112 -0.53577816
travelled -0.80335677 0.671306 -0.47799933 -1.1995536
south -0.5614511 0.44105288 -0.28771573 -0.7269286
slip -0.4035394 0.32322893 -0.27222207 -0.51788354
war -0.56464773 0.54169357 -0.25877127 -0.91310894
torn -0.45095322 0.36680403 -0.2711219 -0.51540196
epa -0.19940351 0.23446178 -0.11872566 -0.3797826
takes -0.6449679 0.51712143 -0.34101197 -0.8893507
matters -0.8929071 0.6991191 -0.46344185 -1.1792926
seriously -0.52591497 0.46227127 -0.2876093 -0.7582716
swiftly -0.49658042 0.42423502 -0.23846702 -0.6659093
ensure -0.5489017 0.45085642 -0.30429673 -0.81118757
public -0.5335955 0.46091682 -0.33208027 -0.76045305
health -0.46835026 0.46378303 -0.2848681 -0.72484714
safety -0.5267926 0.43380296 -0.25926676 -0.8001002
compromised -0.5370176 0.49801308 -0.30986324 -0.7902471
spokesman -0.5035258 0.4351257 -0.31358346 -0.78632694
andrew -0.45313475 0.37464446 -0.21450692 -0.66270685
wood -0.3720727 0.32024923 -0.11789775 -0.48369905
lionel -0.45257765 0.43659145 -0.24788764 -0.6464943
hunger -0.56700486 0.47962642 -0.3356499 -0.93663275
during -0.82029295 0.64328426 -0.4835074 -1.1565396
half -0.42907485 0.4073758 -0.30365503 -0.5893437
season -0.47891733 0.4716285 -0.26475385 -0.7241822
superstar -0.4826024 0.44421208 -0.3674784 -0.72760975
showed -0.5749299 0.5668686 -0.2829651 -0.85482407
appetite -0.5686742 0.42007977 -0.3445462 -0.82623434
different -0.61315364 0.5542379 -0.33531177 -0.92807233
intact -0.55663586 0.46263453 -0.27519616 -0.7909241
taps -0.40560198 0.3401172 -0.18021792 -0.5601415
empty -0.4490051 0.3490709 -0.2574828 -0.57485354
net -0.56790966 0.48335168 -0.3360301 -0.764721
securing -0.7962089 0.6339774 -0.40878558 -1.0720515
sublimely -0.5049947 0.40861923 -0.24195462 -0.6482977
taken -0.674716 0.5046546 -0.2736944 -0.7530797
outstanding -0.6609635 0.57030725 -0.3802424 -0.9434862
campaign -0.47893432 0.49370158 -0.28932816 -0.75362027
30 -0.4059869 0.25824332 -0.21222898 -0.54869705
setting -0.8381964 0.7279703 -0.48950568 -1.2278945
14 -0.46987122 0.3034198 -0.072389394 -0.53537375
26 -0.24221958 0.2132152 -0.15990001 -0.43651977
appearances -0.4785675 0.3981987 -0.25801706 -0.67336774
harrowing -0.6022776 0.50186557 -0.3470166 -0.9018661
revelation -0.79612654 0.7225236 -0.39895356 -1.1089529
shropshire -0.3896076 0.33421817 -0.19079404 -0.6025166
woman -0.60759765 0.53121394 -0.34633633 -0.81770104
what -0.59298986 0.46217728 -0.28082925 -0.77798826
regarded -0.70792496 0.5809535 -0.35298514 -0.9375758
moderate -0.5600749 0.49115127 -0.3672525 -0.8128286
nation -1.1665055 1.0207573 -0.64177394 -1.5953753
raised -0.5843387 0.52781725 -0.23971675 -0.828382
possibility -0.51650065 0.455336 -0.25801095 -0.689309
influence -0.47559562 0.39884603 -0.32344064 -0.72554106
hate -0.9549702 0.8437939 -0.52397865 -1.232253
terrorists -0.810549 0.69996756 -0.43462256 -1.0520697
spread -0.45917907 0.4944707 -0.31669912 -0.8276423
african -0.5470141 0.4819687 -0.3348102 -0.7745148
mediterranean -0.47350153 0.44149873 -0.2816237 -0.67513835
countries -0.6751324 0.59305197 -0.3711715 -0.9837761
uk -0.18650238 0.36442915 -0.18409157 -0.4039826
most -0.6172097 0.49413478 -0.26545718 -0.88002056
resorts -0.6625082 0.53011477 -0.328194 -0.8872996
hundreds -0.3976647 0.37073886 -0.28590053 -0.6689273
miles -0.52563703 0.4410902 -0.28153887 -0.7535937
active -0.72303504 0.5974174 -0.38235217 -0.9898254
groups -0.47810304 0.4196674 -0.22362085 -0.7285349
whole -0.5621988 0.5216991 -0.2882576 -0.8136684
soldiers -0.5882402 0.4995025 -0.31018108 -0.81156516
stand -0.67965007 0.5087697 -0.39934143 -0.98160064
guard -0.45229045 0.39277056 -0.26803482 -0.7004693
wives -0.6568979 0.6120745 -0.40068525 -0.9368256
white -0.64024854 0.4521885 -0.41043147 -0.914935
house -0.528946 0.42331138 -0.3143784 -0.8206609
husbands -0.41539642 0.2983538 -0.19238053 -0.5242675
ever -0.9004618 0.7668657 -0.48233938 -1.2785985
congressional -0.59064746 0.54168123 -0.31109583 -0.83325607
delegation -0.705845 0.6298644 -0.44338337 -1.0044053
created -0.71665907 0.56979316 -0.36347476 -0.94694877
record -0.5780529 0.4403975 -0.37947854 -0.7786187
three -0.60818577 0.51462567 -0.43015307 -0.8577519
triumph -0.465526 0.3693795 -0.16001019 -0.6434679
rayo -0.3535598 0.248093 -0.17781466 -0.5299793
24th -0.48306128 0.3578963 -0.19897245 -0.6951814
treble -0.5446327 0.41442898 -0.28091577 -0.83234656
competitions -0.5847766 0.4887419 -0.35938868 -0.89665526
confront -0.5529704 0.4789251 -0.3054764 -0.7863793
myriad -0.4952998 0.38215572 -0.2971793 -0.666956
challenges -0.55033153 0.5426462 -0.3207542 -0.8370912
continues -0.5942321 0.603747 -0.33995426 -0.87302893
face -0.7326452 0.51864046 -0.35263026 -0.98686635
knowledge -0.4329756 0.43238935 -0.28431764 -0.64260644
drink -0.34811437 0.28475368 -0.21999656 -0.6079752
deeply -0.55807275 0.4653519 -0.28236774 -0.7440473
wells -0.49046734 0.4621628 -0.3150163 -0.7304676
freedom -0.42410365 0.39830402 -0.25917226 -0.65209115
liberty -0.4143554 0.44566423 -0.25037616 -0.6460436
ourselves -0.48438916 0.47085664 -0.27981973 -0.6170395
when -0.48589456 0.4649972 -0.23935236 -0.7789816
asked -0.5609551 0.5077107 -0.28531763 -0.8196604
dimunitive -0.53493834 0.50977284 -0.33040148 -0.7163496
future -0.56768113 0.4820812 -0.32988492 -0.81376356
: -0.31644833 0.3309035 -0.049875565 -0.40802175
believe -0.4748511 0.47095954 -0.3258578 -0.7544304
times -0.61688536 0.5492996 -0.32874486 -0.7973667
strange -0.54000556 0.52120054 -0.34304875 -0.813236
living -0.8817463 0.7942764 -0.48141187 -1.2688555
u.s -0.3258112 0.30323726 -0.20751585 -0.5390561
presidents -0.72505486 0.6255387 -0.33104616 -1.0702144
were -0.63046056 0.5018604 -0.3844551 -0.8807361
invited -0.5904859 0.58158046 -0.35772145 -0.9647933
daughters -0.6285007 0.5814291 -0.30410862 -0.9083108
sasha -0.56308395 0.48621717 -0.2278095 -0.7733139
malia -0.50317144 0.44282943 -0.35472202 -0.7061803
selma -0.58560026 0.39568081 -0.28050962 -0.8044415
girlfriend -0.43384793 0.40325066 -0.29945344 -0.66397005
antonella -0.551428 0.42676505 -0.26870933 -0.79699486
roccuzzo -0.41248804 0.354797 -0.2600582 -0.62645257
left -0.37746117 0.32434586 -0.21321654 -0.603898
see -0.56834257 0.49194136 -0.33155677 -0.8446079
fabregas -0.45613113 0.33399284 -0.2523261 -0.6636044
daniella -0.3845415 0.36369273 -0.223861 -0.6548698
semaan -0.4465845 0.4036102 -0.25065875 -0.7002142
luis -0.47207403 0.4964942 -0.24152689 -0.68721336
enrique -0.45382857 0.44122657 -0.25775737 -0.69219
top -0.5718006 0.4662716 -0.29779178 -0.6664569
primera -0.53788424 0.49732316 -0.30746374 -0.7503378
division -0.6020161 0.5713171 -0.42908263 -0.8767112
one -0.58523554 0.52627414 -0.42294922 -0.91525555
point -0.5945292 0.53571486 -0.3251416 -0.916946
clear -0.6078085 0.5624669 -0.42307082 -0.916107
real -0.8193592 0.81272393 -0.49342385 -1.2302047
madrid -0.6213148 0.4772831 -0.31813613 -0.74105257
lost -0.54450965 0.47736648 -0.26508036 -0.76802343
1 -0.3234586 0.3022862 -0.22559413 -0.45513237
0 -0.45484954 0.12939353 -0.19562653 -0.47442633
athletic -0.51862997 0.44917464 -0.3051737 -0.72087145
bilbao -0.46529952 0.3892495 -0.16778705 -0.61667836
